0.1399543 0.1899081
0.0360711 -0.2079003
0.1399543 0.1899081
0.0360711 -0.2079003
0.1399543 0.1899081
0.0360711 -0.2079003
0.1399543 0.1899081
0.0360711 -0.2079003
0.1399543 0.1899081
0.0360711 -0.2079003
0.1399543 0.1899081
0.0360711 -0.2079003
0.1399543 0.1899081
0.0360711 -0.2079003
0.1399543 0.1899081
0.0360711 -0.2079003
0.1399543 0.1899081
0.0360711 -0.2079003
0.1399543 0.1899081
0.0360711 -0.2079003
0.1399543 0.1899081
0.0360711 -0.2079003
0.1399543 0.1899081
0.0360711 -0.2079003
0.1399543 0.1899081
0.0360711 -0.2079003
0.1399543 0.1899081
0.0360711 -0.2079003
0.1399543 0.1899081
0.0360711 -0.2079003
0.1399543 0.1899081
0.0360711 -0.2079003
0.1399543 0.1899081
0.0360711 -0.2079003
0.1399543 0.1899081
0.0360711 -0.2079003
0.1399543 0.1899081
0.0360711 -0.2079003
0.1399543 0.1899081
0.0360711 -0.2079003
0.1399543 0.1899081
0.0360711 -0.2079003
0.1399543 0.1899081
0.0360711 -0.2079003
0.1399543 0.1899081
0.0360711 -0.2079003
0.1399543 0.1899081
0.0360711 -0.2079003
0.1399543 0.1899081
0.0360711 -0.2079003
0.1399543 0.1899081
0.0360711 -0.2079003
0.1399543 0.1899081
0.0360711 -0.2079003
0.1399543 0.1899081
0.0360711 -0.2079003
0.1399543 0.1899081
0.0360711 -0.2079003
0.1399543 0.1899081
0.0360711 -0.2079003
0.1399543 0.1899081
0.0360711 -0.2079003
0.1399543 0.1899081
0.0360711 -0.2079003
0.1399543 0.1899081
0.0360711 -0.2079003
0.1399543 0.1899081
0.0360711 -0.2079003
0.1399543 0.1899081
0.0360711 -0.2079003
0.1399543 0.1899081
0.0360711 -0.2079003
0.1399543 0.1899081
0.0360711 -0.2079003
0.1399543 0.1899081
0.0360711 -0.2079003
0.1399543 0.1899081
0.0360711 -0.2079003
0.1399543 0.1899081
0.0360711 -0.2079003
0.1399543 0.1899081
0.0360711 -0.2079003
0.1399543 0.1899081
0.0360711 -0.2079003
0.1399543 0.1899081
0.0360711 -0.2079003
0.1399543 0.1899081
0.0360711 -0.2079003
0.1399543 0.1899081
0.0360711 -0.2079003
0.1399543 0.1899081
0.0360711 -0.2079003
0.1399543 0.1899081
0.0360711 -0.2079003
0.1399543 0.1899081
0.0360711 -0.2079003
0.1399543 0.1899081
0.0360711 -0.2079003
0.1399543 0.1899081
0.0360711 -0.2079003
0.1399543 0.1899081
0.0360711 -0.2079003
0.1399543 0.1899081
0.0360711 -0.2079003
0.1399543 0.1899081
0.0360711 -0.2079003
0.1399543 0.1899081
0.0360711 -0.2079003
0.1399543 0.1899081
0.0360711 -0.2079003
0.1399543 0.1899081
0.0360711 -0.2079003
0.1399543 0.1899081
0.0360711 -0.2079003
0.1399543 0.1899081
0.0360711 -0.2079003
0.1399543 0.1899081
0.0360711 -0.2079003
0.1399543 0.1899081
0.0360711 -0.2079003
-0.03324351 -0.1886748
-0.03502704 0.1326389
-0.03324351 -0.1886748
-0.03502704 0.1326389
-0.03324351 -0.1886748
-0.03502704 0.1326389
-0.03324351 -0.1886748
-0.03502704 0.1326389
-0.03324351 -0.1886748
-0.03502704 0.1326389
-0.03324351 -0.1886748
-0.03502704 0.1326389
-0.03324351 -0.1886748
-0.03502704 0.1326389
-0.03324351 -0.1886748
-0.03502704 0.1326389
-0.03324351 -0.1886748
-0.03502704 0.1326389
-0.03324351 -0.1886748
-0.03502704 0.1326389
-0.03324351 -0.1886748
-0.03502704 0.1326389
-0.03324351 -0.1886748
-0.03502704 0.1326389
-0.03324351 -0.1886748
-0.03502704 0.1326389
-0.03324351 -0.1886748
-0.03502704 0.1326389
-0.03324351 -0.1886748
-0.03502704 0.1326389
-0.03324351 -0.1886748
-0.03502704 0.1326389
-0.03324351 -0.1886748
-0.03502704 0.1326389
-0.03324351 -0.1886748
-0.03502704 0.1326389
-0.03324351 -0.1886748
-0.03502704 0.1326389
-0.03324351 -0.1886748
-0.03502704 0.1326389
-0.03324351 -0.1886748
-0.03502704 0.1326389
-0.03324351 -0.1886748
-0.03502704 0.1326389
-0.03324351 -0.1886748
-0.03502704 0.1326389
-0.03324351 -0.1886748
-0.03502704 0.1326389
-0.03324351 -0.1886748
-0.03502704 0.1326389
-0.03324351 -0.1886748
-0.03502704 0.1326389
-0.03324351 -0.1886748
-0.03502704 0.1326389
-0.03324351 -0.1886748
-0.03502704 0.1326389
-0.03324351 -0.1886748
-0.03502704 0.1326389
-0.03324351 -0.1886748
-0.03502704 0.1326389
-0.03324351 -0.1886748
-0.03502704 0.1326389
-0.03324351 -0.1886748
-0.03502704 0.1326389
-0.03324351 -0.1886748
-0.03502704 0.1326389
-0.03324351 -0.1886748
-0.03502704 0.1326389
-0.03324351 -0.1886748
-0.03502704 0.1326389
-0.03324351 -0.1886748
-0.03502704 0.1326389
-0.03324351 -0.1886748
-0.03502704 0.1326389
-0.03324351 -0.1886748
-0.03502704 0.1326389
-0.03324351 -0.1886748
-0.03502704 0.1326389
-0.03324351 -0.1886748
-0.03502704 0.1326389
-0.03324351 -0.1886748
-0.03502704 0.1326389
-0.03324351 -0.1886748
-0.03502704 0.1326389
-0.03324351 -0.1886748
-0.03502704 0.1326389
-0.03324351 -0.1886748
-0.03502704 0.1326389
-0.03324351 -0.1886748
-0.03502704 0.1326389
-0.03324351 -0.1886748
-0.03502704 0.1326389
-0.03324351 -0.1886748
-0.03502704 0.1326389
-0.03324351 -0.1886748
-0.03502704 0.1326389
-0.03324351 -0.1886748
-0.03502704 0.1326389
-0.03324351 -0.1886748
-0.03502704 0.1326389
-0.03324351 -0.1886748
-0.03502704 0.1326389
-0.03324351 -0.1886748
-0.03502704 0.1326389
-0.03324351 -0.1886748
-0.03502704 0.1326389
-0.03324351 -0.1886748
-0.03502704 0.1326389
-0.03324351 -0.1886748
-0.03502704 0.1326389
-0.03324351 -0.1886748
-0.03502704 0.1326389
-0.03324351 -0.1886748
-0.03502704 0.1326389
-0.03324351 -0.1886748
-0.03502704 0.1326389
-0.03324351 -0.1886748
-0.03502704 0.1326389
-0.03324351 -0.1886748
-0.03502704 0.1326389
-0.1514247 0.06701796
0.07415291 0.1697356
-0.1514247 0.06701796
0.07415291 0.1697356
-0.1514247 0.06701796
0.07415291 0.1697356
-0.1514247 0.06701796
0.07415291 0.1697356
-0.1514247 0.06701796
0.07415291 0.1697356
-0.1514247 0.06701796
0.07415291 0.1697356
-0.1514247 0.06701796
0.07415291 0.1697356
-0.1514247 0.06701796
0.07415291 0.1697356
-0.1514247 0.06701796
0.07415291 0.1697356
-0.1514247 0.06701796
0.07415291 0.1697356
-0.1514247 0.06701796
0.07415291 0.1697356
-0.1514247 0.06701796
0.07415291 0.1697356
-0.1514247 0.06701796
0.07415291 0.1697356
-0.1514247 0.06701796
0.07415291 0.1697356
-0.1514247 0.06701796
0.07415291 0.1697356
-0.1514247 0.06701796
0.07415291 0.1697356
-0.1514247 0.06701796
0.07415291 0.1697356
-0.1514247 0.06701796
0.07415291 0.1697356
-0.1514247 0.06701796
0.07415291 0.1697356
-0.1514247 0.06701796
0.07415291 0.1697356
-0.1514247 0.06701796
0.07415291 0.1697356
-0.1514247 0.06701796
0.07415291 0.1697356
-0.1514247 0.06701796
0.07415291 0.1697356
-0.1514247 0.06701796
0.07415291 0.1697356
-0.1514247 0.06701796
0.07415291 0.1697356
-0.1514247 0.06701796
0.07415291 0.1697356
-0.1514247 0.06701796
0.07415291 0.1697356
-0.1514247 0.06701796
0.07415291 0.1697356
-0.1514247 0.06701796
0.07415291 0.1697356
-0.1514247 0.06701796
0.07415291 0.1697356
-0.1514247 0.06701796
0.07415291 0.1697356
-0.1514247 0.06701796
0.07415291 0.1697356
-0.1514247 0.06701796
0.07415291 0.1697356
-0.1514247 0.06701796
0.07415291 0.1697356
-0.1514247 0.06701796
0.07415291 0.1697356
-0.1514247 0.06701796
0.07415291 0.1697356
-0.1514247 0.06701796
0.07415291 0.1697356
-0.1514247 0.06701796
0.07415291 0.1697356
-0.1514247 0.06701796
0.07415291 0.1697356
-0.1514247 0.06701796
0.07415291 0.1697356
-0.1514247 0.06701796
0.07415291 0.1697356
-0.1514247 0.06701796
0.07415291 0.1697356
-0.1514247 0.06701796
0.07415291 0.1697356
-0.1514247 0.06701796
0.07415291 0.1697356
-0.1514247 0.06701796
0.07415291 0.1697356
-0.1514247 0.06701796
0.07415291 0.1697356
-0.1514247 0.06701796
0.07415291 0.1697356
-0.1514247 0.06701796
0.07415291 0.1697356
-0.1514247 0.06701796
0.07415291 0.1697356
-0.1514247 0.06701796
0.07415291 0.1697356
-0.1514247 0.06701796
0.07415291 0.1697356
-0.1514247 0.06701796
0.07415291 0.1697356
-0.1514247 0.06701796
0.07415291 0.1697356
-0.1514247 0.06701796
0.07415291 0.1697356
-0.1514247 0.06701796
0.07415291 0.1697356
-0.1514247 0.06701796
0.07415291 0.1697356
-0.1514247 0.06701796
0.07415291 0.1697356
-0.1514247 0.06701796
0.07415291 0.1697356
-0.1514247 0.06701796
0.07415291 0.1697356
-0.1514247 0.06701796
0.07415291 0.1697356
0.03332727 0.01209566
-0.169965 -0.2088924
0.03332727 0.01209566
-0.169965 -0.2088924
0.03332727 0.01209566
-0.169965 -0.2088924
0.03332727 0.01209566
-0.169965 -0.2088924
0.03332727 0.01209566
-0.169965 -0.2088924
0.03332727 0.01209566
-0.169965 -0.2088924
0.03332727 0.01209566
-0.169965 -0.2088924
0.03332727 0.01209566
-0.169965 -0.2088924
0.03332727 0.01209566
-0.169965 -0.2088924
0.03332727 0.01209566
-0.169965 -0.2088924
0.03332727 0.01209566
-0.169965 -0.2088924
0.03332727 0.01209566
-0.169965 -0.2088924
0.03332727 0.01209566
-0.169965 -0.2088924
0.03332727 0.01209566
-0.169965 -0.2088924
0.03332727 0.01209566
-0.169965 -0.2088924
0.03332727 0.01209566
-0.169965 -0.2088924
0.03332727 0.01209566
-0.169965 -0.2088924
0.03332727 0.01209566
-0.169965 -0.2088924
0.03332727 0.01209566
-0.169965 -0.2088924
0.03332727 0.01209566
-0.169965 -0.2088924
0.03332727 0.01209566
-0.169965 -0.2088924
0.03332727 0.01209566
-0.169965 -0.2088924
0.03332727 0.01209566
-0.169965 -0.2088924
0.03332727 0.01209566
-0.169965 -0.2088924
0.03332727 0.01209566
-0.169965 -0.2088924
0.03332727 0.01209566
-0.169965 -0.2088924
0.03332727 0.01209566
-0.169965 -0.2088924
0.03332727 0.01209566
-0.169965 -0.2088924
0.03332727 0.01209566
-0.169965 -0.2088924
0.03332727 0.01209566
-0.169965 -0.2088924
0.03332727 0.01209566
-0.169965 -0.2088924
0.03332727 0.01209566
-0.169965 -0.2088924
0.03332727 0.01209566
-0.169965 -0.2088924
0.03332727 0.01209566
-0.169965 -0.2088924
0.03332727 0.01209566
-0.169965 -0.2088924
0.03332727 0.01209566
-0.169965 -0.2088924
0.03332727 0.01209566
-0.169965 -0.2088924
0.03332727 0.01209566
-0.169965 -0.2088924
0.03332727 0.01209566
-0.169965 -0.2088924
0.03332727 0.01209566
-0.169965 -0.2088924
0.03332727 0.01209566
-0.169965 -0.2088924
0.03332727 0.01209566
-0.169965 -0.2088924
0.03332727 0.01209566
-0.169965 -0.2088924
0.03332727 0.01209566
-0.169965 -0.2088924
0.03332727 0.01209566
-0.169965 -0.2088924
0.03332727 0.01209566
-0.169965 -0.2088924
0.03332727 0.01209566
-0.169965 -0.2088924
0.03332727 0.01209566
-0.169965 -0.2088924
0.03332727 0.01209566
-0.169965 -0.2088924
0.03332727 0.01209566
-0.169965 -0.2088924
0.03332727 0.01209566
-0.169965 -0.2088924
0.03332727 0.01209566
-0.169965 -0.2088924
0.03332727 0.01209566
-0.169965 -0.2088924
0.03332727 0.01209566
-0.169965 -0.2088924
0.03332727 0.01209566
-0.169965 -0.2088924
0.03332727 0.01209566
-0.169965 -0.2088924
0.03332727 0.01209566
-0.169965 -0.2088924
0.03332727 0.01209566
-0.169965 -0.2088924
0.03332727 0.01209566
-0.169965 -0.2088924
0.03332727 0.01209566
-0.169965 -0.2088924
0.1691869 -0.08484862
-0.02669343 -0.03631179
0.1691869 -0.08484862
-0.02669343 -0.03631179
0.1691869 -0.08484862
-0.02669343 -0.03631179
0.1691869 -0.08484862
-0.02669343 -0.03631179
0.1691869 -0.08484862
-0.02669343 -0.03631179
0.1691869 -0.08484862
-0.02669343 -0.03631179
0.1691869 -0.08484862
-0.02669343 -0.03631179
0.1691869 -0.08484862
-0.02669343 -0.03631179
0.1691869 -0.08484862
-0.02669343 -0.03631179
0.1691869 -0.08484862
-0.02669343 -0.03631179
0.1691869 -0.08484862
-0.02669343 -0.03631179
0.1691869 -0.08484862
-0.02669343 -0.03631179
0.1691869 -0.08484862
-0.02669343 -0.03631179
0.1691869 -0.08484862
-0.02669343 -0.03631179
0.1691869 -0.08484862
-0.02669343 -0.03631179
0.1691869 -0.08484862
-0.02669343 -0.03631179
0.1691869 -0.08484862
-0.02669343 -0.03631179
0.1691869 -0.08484862
-0.02669343 -0.03631179
0.1691869 -0.08484862
-0.02669343 -0.03631179
0.1691869 -0.08484862
-0.02669343 -0.03631179
0.1691869 -0.08484862
-0.02669343 -0.03631179
0.1691869 -0.08484862
-0.02669343 -0.03631179
0.1691869 -0.08484862
-0.02669343 -0.03631179
0.1691869 -0.08484862
-0.02669343 -0.03631179
0.1691869 -0.08484862
-0.02669343 -0.03631179
0.1691869 -0.08484862
-0.02669343 -0.03631179
0.1691869 -0.08484862
-0.02669343 -0.03631179
0.1691869 -0.08484862
-0.02669343 -0.03631179
0.1691869 -0.08484862
-0.02669343 -0.03631179
0.1691869 -0.08484862
-0.02669343 -0.03631179
0.1691869 -0.08484862
-0.02669343 -0.03631179
0.1691869 -0.08484862
-0.02669343 -0.03631179
0.1691869 -0.08484862
-0.02669343 -0.03631179
0.1691869 -0.08484862
-0.02669343 -0.03631179
0.1691869 -0.08484862
-0.02669343 -0.03631179
0.1691869 -0.08484862
-0.02669343 -0.03631179
0.1691869 -0.08484862
-0.02669343 -0.03631179
0.1691869 -0.08484862
-0.02669343 -0.03631179
0.1691869 -0.08484862
-0.02669343 -0.03631179
0.1691869 -0.08484862
-0.02669343 -0.03631179
0.1691869 -0.08484862
-0.02669343 -0.03631179
0.1691869 -0.08484862
-0.02669343 -0.03631179
0.1691869 -0.08484862
-0.02669343 -0.03631179
0.1691869 -0.08484862
-0.02669343 -0.03631179
0.1691869 -0.08484862
-0.02669343 -0.03631179
0.1691869 -0.08484862
-0.02669343 -0.03631179
0.1691869 -0.08484862
-0.02669343 -0.03631179
0.1691869 -0.08484862
-0.02669343 -0.03631179
0.1691869 -0.08484862
-0.02669343 -0.03631179
0.1691869 -0.08484862
-0.02669343 -0.03631179
0.1691869 -0.08484862
-0.02669343 -0.03631179
0.1691869 -0.08484862
-0.02669343 -0.03631179
0.1691869 -0.08484862
-0.02669343 -0.03631179
0.1691869 -0.08484862
-0.02669343 -0.03631179
0.1691869 -0.08484862
-0.02669343 -0.03631179
0.1691869 -0.08484862
-0.02669343 -0.03631179
0.1691869 -0.08484862
-0.02669343 -0.03631179
0.1691869 -0.08484862
-0.02669343 -0.03631179
0.1691869 -0.08484862
-0.02669343 -0.03631179
0.1691869 -0.08484862
-0.02669343 -0.03631179
0.1772427 -0.1315923
-0.08179577 -0.1702753
0.1772427 -0.1315923
-0.08179577 -0.1702753
0.1772427 -0.1315923
-0.08179577 -0.1702753
0.1772427 -0.1315923
-0.08179577 -0.1702753
0.1772427 -0.1315923
-0.08179577 -0.1702753
0.1772427 -0.1315923
-0.08179577 -0.1702753
0.1772427 -0.1315923
-0.08179577 -0.1702753
0.1772427 -0.1315923
-0.08179577 -0.1702753
0.1772427 -0.1315923
-0.08179577 -0.1702753
0.1772427 -0.1315923
-0.08179577 -0.1702753
0.1772427 -0.1315923
-0.08179577 -0.1702753
0.1772427 -0.1315923
-0.08179577 -0.1702753
0.1772427 -0.1315923
-0.08179577 -0.1702753
0.1772427 -0.1315923
-0.08179577 -0.1702753
0.1772427 -0.1315923
-0.08179577 -0.1702753
0.1772427 -0.1315923
-0.08179577 -0.1702753
0.1772427 -0.1315923
-0.08179577 -0.1702753
0.1772427 -0.1315923
-0.08179577 -0.1702753
0.1772427 -0.1315923
-0.08179577 -0.1702753
0.1772427 -0.1315923
-0.08179577 -0.1702753
0.1772427 -0.1315923
-0.08179577 -0.1702753
0.1772427 -0.1315923
-0.08179577 -0.1702753
0.1772427 -0.1315923
-0.08179577 -0.1702753
0.1772427 -0.1315923
-0.08179577 -0.1702753
0.1772427 -0.1315923
-0.08179577 -0.1702753
0.1772427 -0.1315923
-0.08179577 -0.1702753
0.1772427 -0.1315923
-0.08179577 -0.1702753
0.1772427 -0.1315923
-0.08179577 -0.1702753
0.1772427 -0.1315923
-0.08179577 -0.1702753
0.1772427 -0.1315923
-0.08179577 -0.1702753
0.1772427 -0.1315923
-0.08179577 -0.1702753
0.1772427 -0.1315923
-0.08179577 -0.1702753
0.1772427 -0.1315923
-0.08179577 -0.1702753
0.1772427 -0.1315923
-0.08179577 -0.1702753
0.1772427 -0.1315923
-0.08179577 -0.1702753
0.1772427 -0.1315923
-0.08179577 -0.1702753
0.1772427 -0.1315923
-0.08179577 -0.1702753
0.1772427 -0.1315923
-0.08179577 -0.1702753
0.1772427 -0.1315923
-0.08179577 -0.1702753
0.1772427 -0.1315923
-0.08179577 -0.1702753
0.1772427 -0.1315923
-0.08179577 -0.1702753
0.1772427 -0.1315923
-0.08179577 -0.1702753
0.1772427 -0.1315923
-0.08179577 -0.1702753
0.1772427 -0.1315923
-0.08179577 -0.1702753
0.1772427 -0.1315923
-0.08179577 -0.1702753
0.1772427 -0.1315923
-0.08179577 -0.1702753
0.1772427 -0.1315923
-0.08179577 -0.1702753
0.1772427 -0.1315923
-0.08179577 -0.1702753
0.1772427 -0.1315923
-0.08179577 -0.1702753
0.1772427 -0.1315923
-0.08179577 -0.1702753
0.1772427 -0.1315923
-0.08179577 -0.1702753
0.1772427 -0.1315923
-0.08179577 -0.1702753
0.1772427 -0.1315923
-0.08179577 -0.1702753
0.1772427 -0.1315923
-0.08179577 -0.1702753
0.1772427 -0.1315923
-0.08179577 -0.1702753
0.1772427 -0.1315923
-0.08179577 -0.1702753
0.1772427 -0.1315923
-0.08179577 -0.1702753
0.1772427 -0.1315923
-0.08179577 -0.1702753
0.1772427 -0.1315923
-0.08179577 -0.1702753
0.1772427 -0.1315923
-0.08179577 -0.1702753
-0.09136336 -0.07784095
0.1734342 0.1277785
-0.09136336 -0.07784095
0.1734342 0.1277785
-0.09136336 -0.07784095
0.1734342 0.1277785
-0.09136336 -0.07784095
0.1734342 0.1277785
-0.09136336 -0.07784095
0.1734342 0.1277785
-0.09136336 -0.07784095
0.1734342 0.1277785
-0.09136336 -0.07784095
0.1734342 0.1277785
-0.09136336 -0.07784095
0.1734342 0.1277785
-0.09136336 -0.07784095
0.1734342 0.1277785
-0.09136336 -0.07784095
0.1734342 0.1277785
-0.09136336 -0.07784095
0.1734342 0.1277785
-0.09136336 -0.07784095
0.1734342 0.1277785
-0.09136336 -0.07784095
0.1734342 0.1277785
-0.09136336 -0.07784095
0.1734342 0.1277785
-0.09136336 -0.07784095
0.1734342 0.1277785
-0.09136336 -0.07784095
0.1734342 0.1277785
-0.09136336 -0.07784095
0.1734342 0.1277785
-0.09136336 -0.07784095
0.1734342 0.1277785
-0.09136336 -0.07784095
0.1734342 0.1277785
-0.09136336 -0.07784095
0.1734342 0.1277785
-0.09136336 -0.07784095
0.1734342 0.1277785
-0.09136336 -0.07784095
0.1734342 0.1277785
-0.09136336 -0.07784095
0.1734342 0.1277785
-0.09136336 -0.07784095
0.1734342 0.1277785
-0.09136336 -0.07784095
0.1734342 0.1277785
-0.09136336 -0.07784095
0.1734342 0.1277785
-0.09136336 -0.07784095
0.1734342 0.1277785
-0.09136336 -0.07784095
0.1734342 0.1277785
-0.09136336 -0.07784095
0.1734342 0.1277785
-0.09136336 -0.07784095
0.1734342 0.1277785
-0.09136336 -0.07784095
0.1734342 0.1277785
-0.09136336 -0.07784095
0.1734342 0.1277785
-0.09136336 -0.07784095
0.1734342 0.1277785
-0.09136336 -0.07784095
0.1734342 0.1277785
-0.09136336 -0.07784095
0.1734342 0.1277785
-0.09136336 -0.07784095
0.1734342 0.1277785
-0.09136336 -0.07784095
0.1734342 0.1277785
-0.09136336 -0.07784095
0.1734342 0.1277785
-0.09136336 -0.07784095
0.1734342 0.1277785
-0.09136336 -0.07784095
0.1734342 0.1277785
-0.09136336 -0.07784095
0.1734342 0.1277785
-0.09136336 -0.07784095
0.1734342 0.1277785
-0.09136336 -0.07784095
0.1734342 0.1277785
-0.09136336 -0.07784095
0.1734342 0.1277785
-0.09136336 -0.07784095
0.1734342 0.1277785
-0.09136336 -0.07784095
0.1734342 0.1277785
-0.09136336 -0.07784095
0.1734342 0.1277785
-0.09136336 -0.07784095
0.1734342 0.1277785
-0.09136336 -0.07784095
0.1734342 0.1277785
-0.09136336 -0.07784095
0.1734342 0.1277785
-0.09136336 -0.07784095
0.1734342 0.1277785
-0.09136336 -0.07784095
0.1734342 0.1277785
-0.09136336 -0.07784095
0.1734342 0.1277785
-0.09136336 -0.07784095
0.1734342 0.1277785
-0.09136336 -0.07784095
0.1734342 0.1277785
-0.09136336 -0.07784095
0.1734342 0.1277785
-0.09136336 -0.07784095
0.1734342 0.1277785
-0.09136336 -0.07784095
0.1734342 0.1277785
-0.09136336 -0.07784095
0.1734342 0.1277785
-0.09136336 -0.07784095
0.1734342 0.1277785
0.05589412 0.1399492
0.09956134 0.1534944
0.05589412 0.1399492
0.09956134 0.1534944
0.05589412 0.1399492
0.09956134 0.1534944
0.05589412 0.1399492
0.09956134 0.1534944
0.05589412 0.1399492
0.09956134 0.1534944
0.05589412 0.1399492
0.09956134 0.1534944
0.05589412 0.1399492
0.09956134 0.1534944
0.05589412 0.1399492
0.09956134 0.1534944
0.05589412 0.1399492
0.09956134 0.1534944
0.05589412 0.1399492
0.09956134 0.1534944
0.05589412 0.1399492
0.09956134 0.1534944
0.05589412 0.1399492
0.09956134 0.1534944
0.05589412 0.1399492
0.09956134 0.1534944
0.05589412 0.1399492
0.09956134 0.1534944
0.05589412 0.1399492
0.09956134 0.1534944
0.05589412 0.1399492
0.09956134 0.1534944
0.05589412 0.1399492
0.09956134 0.1534944
0.05589412 0.1399492
0.09956134 0.1534944
0.05589412 0.1399492
0.09956134 0.1534944
0.05589412 0.1399492
0.09956134 0.1534944
0.05589412 0.1399492
0.09956134 0.1534944
0.05589412 0.1399492
0.09956134 0.1534944
0.05589412 0.1399492
0.09956134 0.1534944
0.05589412 0.1399492
0.09956134 0.1534944
0.05589412 0.1399492
0.09956134 0.1534944
0.05589412 0.1399492
0.09956134 0.1534944
0.05589412 0.1399492
0.09956134 0.1534944
0.05589412 0.1399492
0.09956134 0.1534944
0.05589412 0.1399492
0.09956134 0.1534944
0.05589412 0.1399492
0.09956134 0.1534944
0.05589412 0.1399492
0.09956134 0.1534944
0.05589412 0.1399492
0.09956134 0.1534944
0.05589412 0.1399492
0.09956134 0.1534944
0.05589412 0.1399492
0.09956134 0.1534944
0.05589412 0.1399492
0.09956134 0.1534944
0.05589412 0.1399492
0.09956134 0.1534944
0.05589412 0.1399492
0.09956134 0.1534944
0.05589412 0.1399492
0.09956134 0.1534944
0.05589412 0.1399492
0.09956134 0.1534944
0.05589412 0.1399492
0.09956134 0.1534944
0.05589412 0.1399492
0.09956134 0.1534944
0.05589412 0.1399492
0.09956134 0.1534944
0.05589412 0.1399492
0.09956134 0.1534944
0.05589412 0.1399492
0.09956134 0.1534944
0.05589412 0.1399492
0.09956134 0.1534944
0.05589412 0.1399492
0.09956134 0.1534944
0.05589412 0.1399492
0.09956134 0.1534944
0.05589412 0.1399492
0.09956134 0.1534944
0.05589412 0.1399492
0.09956134 0.1534944
0.05589412 0.1399492
0.09956134 0.1534944
0.05589412 0.1399492
0.09956134 0.1534944
0.05589412 0.1399492
0.09956134 0.1534944
0.05589412 0.1399492
0.09956134 0.1534944
0.05589412 0.1399492
0.09956134 0.1534944
0.05589412 0.1399492
0.09956134 0.1534944
0.05589412 0.1399492
0.09956134 0.1534944
0.05589412 0.1399492
0.09956134 0.1534944
0.05589412 0.1399492
0.09956134 0.1534944
0.05589412 0.1399492
0.09956134 0.1534944
0.05589412 0.1399492
0.09956134 0.1534944
-0.1883105 -0.1806588
0.07418319 0.115216
-0.1883105 -0.1806588
0.07418319 0.115216
-0.1883105 -0.1806588
0.07418319 0.115216
-0.1883105 -0.1806588
0.07418319 0.115216
-0.1883105 -0.1806588
0.07418319 0.115216
-0.1883105 -0.1806588
0.07418319 0.115216
-0.1883105 -0.1806588
0.07418319 0.115216
-0.1883105 -0.1806588
0.07418319 0.115216
-0.1883105 -0.1806588
0.07418319 0.115216
-0.1883105 -0.1806588
0.07418319 0.115216
-0.1883105 -0.1806588
0.07418319 0.115216
-0.1883105 -0.1806588
0.07418319 0.115216
-0.1883105 -0.1806588
0.07418319 0.115216
-0.1883105 -0.1806588
0.07418319 0.115216
-0.1883105 -0.1806588
0.07418319 0.115216
-0.1883105 -0.1806588
0.07418319 0.115216
-0.1883105 -0.1806588
0.07418319 0.115216
-0.1883105 -0.1806588
0.07418319 0.115216
-0.1883105 -0.1806588
0.07418319 0.115216
-0.1883105 -0.1806588
0.07418319 0.115216
-0.1883105 -0.1806588
0.07418319 0.115216
-0.1883105 -0.1806588
0.07418319 0.115216
-0.1883105 -0.1806588
0.07418319 0.115216
-0.1883105 -0.1806588
0.07418319 0.115216
-0.1883105 -0.1806588
0.07418319 0.115216
-0.1883105 -0.1806588
0.07418319 0.115216
-0.1883105 -0.1806588
0.07418319 0.115216
-0.1883105 -0.1806588
0.07418319 0.115216
-0.1883105 -0.1806588
0.07418319 0.115216
-0.1883105 -0.1806588
0.07418319 0.115216
-0.1883105 -0.1806588
0.07418319 0.115216
-0.1883105 -0.1806588
0.07418319 0.115216
-0.1883105 -0.1806588
0.07418319 0.115216
-0.1883105 -0.1806588
0.07418319 0.115216
-0.1883105 -0.1806588
0.07418319 0.115216
-0.1883105 -0.1806588
0.07418319 0.115216
-0.1883105 -0.1806588
0.07418319 0.115216
-0.1883105 -0.1806588
0.07418319 0.115216
-0.1883105 -0.1806588
0.07418319 0.115216
-0.1883105 -0.1806588
0.07418319 0.115216
-0.1883105 -0.1806588
0.07418319 0.115216
-0.1883105 -0.1806588
0.07418319 0.115216
-0.1883105 -0.1806588
0.07418319 0.115216
-0.1883105 -0.1806588
0.07418319 0.115216
-0.1883105 -0.1806588
0.07418319 0.115216
-0.1883105 -0.1806588
0.07418319 0.115216
-0.1883105 -0.1806588
0.07418319 0.115216
-0.1883105 -0.1806588
0.07418319 0.115216
-0.1883105 -0.1806588
0.07418319 0.115216
-0.1883105 -0.1806588
0.07418319 0.115216
-0.1883105 -0.1806588
0.07418319 0.115216
-0.1883105 -0.1806588
0.07418319 0.115216
-0.1883105 -0.1806588
0.07418319 0.115216
-0.1883105 -0.1806588
0.07418319 0.115216
-0.1883105 -0.1806588
0.07418319 0.115216
-0.1883105 -0.1806588
0.07418319 0.115216
-0.1883105 -0.1806588
0.07418319 0.115216
-0.1883105 -0.1806588
0.07418319 0.115216
-0.1883105 -0.1806588
0.07418319 0.115216
-0.1883105 -0.1806588
0.07418319 0.115216
0.1612749 0.1443488
0.1360118 -0.2038917
0.1612749 0.1443488
0.1360118 -0.2038917
0.1612749 0.1443488
0.1360118 -0.2038917
0.1612749 0.1443488
0.1360118 -0.2038917
0.1612749 0.1443488
0.1360118 -0.2038917
0.1612749 0.1443488
0.1360118 -0.2038917
0.1612749 0.1443488
0.1360118 -0.2038917
0.1612749 0.1443488
0.1360118 -0.2038917
0.1612749 0.1443488
0.1360118 -0.2038917
0.1612749 0.1443488
0.1360118 -0.2038917
0.1612749 0.1443488
0.1360118 -0.2038917
0.1612749 0.1443488
0.1360118 -0.2038917
0.1612749 0.1443488
0.1360118 -0.2038917
0.1612749 0.1443488
0.1612749 0.1443488
0.1612749 0.1443488
0.1360118 -0.2038917
0.1612749 0.1443488
0.1612749 0.1443488
0.1612749 0.1443488
0.1612749 0.1443488
0.1612749 0.1443488
0.1360118 -0.2038917
0.1612749 0.1443488
0.1612749 0.1443488
0.1612749 0.1443488
0.1612749 0.1443488
0.1612749 0.1443488
0.1612749 0.1443488
0.1612749 0.1443488
0.1612749 0.1443488
0.1612749 0.1443488
0.1612749 0.1443488
0.1612749 0.1443488
0.1612749 0.1443488
0.1612749 0.1443488
0.1612749 0.1443488
0.1612749 0.1443488
0.1612749 0.1443488
0.1612749 0.1443488
0.1612749 0.1443488
0.1612749 0.1443488
0.1612749 0.1443488
0.1612749 0.1443488
0.1612749 0.1443488
0.1612749 0.1443488
0.1612749 0.1443488
0.1612749 0.1443488
0.1612749 0.1443488
0.1612749 0.1443488
0.1612749 0.1443488
0.1612749 0.1443488
0.1612749 0.1443488
0.1612749 0.1443488
0.1612749 0.1443488
0.1612749 0.1443488
0.1612749 0.1443488
0.1612749 0.1443488
0.1612749 0.1443488
0.1612749 0.1443488
0.1612749 0.1443488
0.1612749 0.1443488
-0.1683924 0.1642738
-0.1683924 0.1642738
-0.1683924 0.1642738
-0.1683924 0.1642738
-0.1683924 0.1642738
-0.1683924 0.1642738
-0.1683924 0.1642738
-0.1683924 0.1642738
-0.1683924 0.1642738
-0.1683924 0.1642738
-0.1683924 0.1642738
-0.1683924 0.1642738
-0.1683924 0.1642738
-0.1683924 0.1642738
-0.1683924 0.1642738
-0.1683924 0.1642738
-0.1683924 0.1642738
-0.1683924 0.1642738
-0.1683924 0.1642738
-0.1683924 0.1642738
-0.1683924 0.1642738
-0.1683924 0.1642738
-0.1683924 0.1642738
-0.1683924 0.1642738
-0.1683924 0.1642738
-0.1683924 0.1642738
-0.1683924 0.1642738
-0.1683924 0.1642738
-0.1683924 0.1642738
-0.1683924 0.1642738
-0.1683924 0.1642738
-0.1683924 0.1642738
-0.1683924 0.1642738
-0.1683924 0.1642738
-0.1683924 0.1642738
-0.1683924 0.1642738
-0.1683924 0.1642738
-0.1683924 0.1642738
-0.1683924 0.1642738
-0.1683924 0.1642738
-0.1683924 0.1642738
-0.1683924 0.1642738
-0.03284283 0.09456725
-0.1683924 0.1642738
-0.03284283 0.09456725
-0.1683924 0.1642738
-0.03284283 0.09456725
-0.1683924 0.1642738
-0.03284283 0.09456725
-0.1683924 0.1642738
-0.03284283 0.09456725
-0.1683924 0.1642738
-0.03284283 0.09456725
-0.1683924 0.1642738
-0.03284283 0.09456725
-0.1683924 0.1642738
-0.03284283 0.09456725
-0.1683924 0.1642738
-0.03284283 0.09456725
-0.1683924 0.1642738
-0.03284283 0.09456725
-0.1683924 0.1642738
-0.03284283 0.09456725
-0.1683924 0.1642738
-0.03284283 0.09456725
-0.1683924 0.1642738
-0.03284283 0.09456725
-0.1683924 0.1642738
-0.03284283 0.09456725
-0.1683924 0.1642738
-0.03284283 0.09456725
-0.1683924 0.1642738
-0.03284283 0.09456725
-0.1683924 0.1642738
-0.03284283 0.09456725
-0.1683924 0.1642738
-0.03284283 0.09456725
-0.1683924 0.1642738
-0.03284283 0.09456725
0.1195313 0.0752787
-0.03751197 0.02122639
0.1195313 0.0752787
-0.03751197 0.02122639
0.1195313 0.0752787
-0.03751197 0.02122639
0.1195313 0.0752787
-0.03751197 0.02122639
0.1195313 0.0752787
-0.03751197 0.02122639
0.1195313 0.0752787
-0.03751197 0.02122639
0.1195313 0.0752787
-0.03751197 0.02122639
0.1195313 0.0752787
-0.03751197 0.02122639
0.1195313 0.0752787
-0.03751197 0.02122639
0.1195313 0.0752787
-0.03751197 0.02122639
0.1195313 0.0752787
-0.03751197 0.02122639
0.1195313 0.0752787
-0.03751197 0.02122639
0.1195313 0.0752787
-0.03751197 0.02122639
0.1195313 0.0752787
-0.03751197 0.02122639
0.1195313 0.0752787
-0.03751197 0.02122639
0.1195313 0.0752787
-0.03751197 0.02122639
0.1195313 0.0752787
-0.03751197 0.02122639
0.1195313 0.0752787
-0.03751197 0.02122639
0.1195313 0.0752787
-0.03751197 0.02122639
0.1195313 0.0752787
-0.03751197 0.02122639
0.1195313 0.0752787
-0.03751197 0.02122639
0.1195313 0.0752787
-0.03751197 0.02122639
0.1195313 0.0752787
-0.03751197 0.02122639
0.1195313 0.0752787
-0.03751197 0.02122639
0.1195313 0.0752787
-0.03751197 0.02122639
0.1195313 0.0752787
-0.03751197 0.02122639
0.1195313 0.0752787
-0.03751197 0.02122639
0.1195313 0.0752787
-0.03751197 0.02122639
0.1195313 0.0752787
-0.03751197 0.02122639
0.1195313 0.0752787
-0.03751197 0.02122639
0.1195313 0.0752787
-0.03751197 0.02122639
0.1195313 0.0752787
-0.03751197 0.02122639
0.1195313 0.0752787
-0.03751197 0.02122639
0.1195313 0.0752787
-0.03751197 0.02122639
0.1195313 0.0752787
-0.03751197 0.02122639
0.1195313 0.0752787
-0.03751197 0.02122639
0.1195313 0.0752787
-0.03751197 0.02122639
0.1195313 0.0752787
-0.03751197 0.02122639
0.1195313 0.0752787
-0.03751197 0.02122639
0.1195313 0.0752787
-0.03751197 0.02122639
0.1195313 0.0752787
-0.03751197 0.02122639
0.1195313 0.0752787
-0.03751197 0.02122639
0.1195313 0.0752787
-0.03751197 0.02122639
0.1195313 0.0752787
-0.03751197 0.02122639
0.1195313 0.0752787
-0.03751197 0.02122639
0.1195313 0.0752787
-0.03751197 0.02122639
0.1195313 0.0752787
-0.03751197 0.02122639
0.1195313 0.0752787
-0.03751197 0.02122639
0.1195313 0.0752787
-0.03751197 0.02122639
0.1195313 0.0752787
-0.03751197 0.02122639
0.1195313 0.0752787
-0.03751197 0.02122639
0.1195313 0.0752787
-0.03751197 0.02122639
0.1195313 0.0752787
-0.03751197 0.02122639
0.1195313 0.0752787
-0.03751197 0.02122639
0.1195313 0.0752787
-0.03751197 0.02122639
0.1195313 0.0752787
-0.03751197 0.02122639
0.1195313 0.0752787
-0.03751197 0.02122639
0.1195313 0.0752787
-0.03751197 0.02122639
0.1195313 0.0752787
-0.03751197 0.02122639
0.1195313 0.0752787
-0.03751197 0.02122639
-0.1581451 0.121689
-0.1071952 0.1025406
-0.1581451 0.121689
-0.1071952 0.1025406
-0.1581451 0.121689
-0.1071952 0.1025406
-0.1581451 0.121689
-0.1071952 0.1025406
0.06435264 -0.1865237
0.06435264 -0.1865237
0.06435264 -0.1865237
0.06435264 -0.1865237
0.06435264 -0.1865237
0.06435264 -0.1865237
0.06435264 -0.1865237
0.06435264 -0.1865237
0.06435264 -0.1865237
0.06435264 -0.1865237
0.06435264 -0.1865237
0.06435264 -0.1865237
0.06435264 -0.1865237
0.06435264 -0.1865237
-0.1964547 0.1630395
0.06435264 -0.1865237
-0.1964547 0.1630395
0.06435264 -0.1865237
-0.1964547 0.1630395
0.06435264 -0.1865237
-0.1964547 0.1630395
0.06435264 -0.1865237
-0.1964547 0.1630395
0.06435264 -0.1865237
-0.1964547 0.1630395
0.06435264 -0.1865237
-0.1964547 0.1630395
0.06435264 -0.1865237
-0.1964547 0.1630395
0.06435264 -0.1865237
-0.1964547 0.1630395
0.06435264 -0.1865237
-0.1964547 0.1630395
0.06435264 -0.1865237
-0.1964547 0.1630395
-0.005727157 0.07852024
-0.005727157 0.07852024
-0.005727157 0.07852024
-0.005727157 0.07852024
-0.005727157 0.07852024
-0.005727157 0.07852024
-0.005727157 0.07852024
-0.1469431 0.0040325
-0.1469431 0.0040325
-0.1469431 0.0040325
-0.1469431 0.0040325
-0.1469431 0.0040325
-0.1469431 0.0040325
-0.1469431 0.0040325
-0.1469431 0.0040325
-0.1469431 0.0040325
-0.1469431 0.0040325
-0.1469431 0.0040325
-0.1469431 0.0040325
-0.1017658 0.07698824
-0.1017658 0.07698824
-0.1017658 0.07698824
-0.1017658 0.07698824
-0.1017658 0.07698824
-0.1017658 0.07698824
-0.1017658 0.07698824
0.1405763 -0.1467391
-0.1017658 0.07698824
0.1405763 -0.1467391
-0.1017658 0.07698824
0.1405763 -0.1467391
-0.1017658 0.07698824
0.1405763 -0.1467391
-0.1017658 0.07698824
0.1405763 -0.1467391
-0.1017658 0.07698824
0.1405763 -0.1467391
0.06263933 -0.03373256
-0.1017658 0.07698824
0.06263933 -0.03373256
-0.1017658 0.07698824
0.06263933 -0.03373256
-0.1017658 0.07698824
0.06263933 -0.03373256
-0.1017658 0.07698824
0.06263933 -0.03373256
-0.1017658 0.07698824
0.06263933 -0.03373256
-0.1017658 0.07698824
0.06263933 -0.03373256
-0.1017658 0.07698824
0.06263933 -0.03373256
-0.1017658 0.07698824
0.06263933 -0.03373256
-0.1017658 0.07698824
0.06263933 -0.03373256
-0.1017658 0.07698824
0.1864223 0.1665563
0.06531744 -0.09359661
0.1864223 0.1665563
0.06531744 -0.09359661
0.1864223 0.1665563
0.06531744 -0.09359661
0.1864223 0.1665563
0.06531744 -0.09359661
0.1864223 0.1665563
0.06531744 -0.09359661
0.1864223 0.1665563
0.06531744 -0.09359661
0.1864223 0.1665563
0.06531744 -0.09359661
0.1864223 0.1665563
0.06531744 -0.09359661
0.1864223 0.1665563
0.1864223 0.1665563
0.1864223 0.1665563
0.1864223 0.1665563
0.06379843 -0.09651995
0.1864223 0.1665563
0.06379843 -0.09651995
0.1864223 0.1665563
0.06379843 -0.09651995
0.1864223 0.1665563
0.06379843 -0.09651995
0.1864223 0.1665563
0.06379843 -0.09651995
0.1864223 0.1665563
0.1864223 0.1665563
0.1521478 0.08026624
0.1521478 0.08026624
0.1521478 0.08026624
0.1521478 0.08026624
0.1521478 0.08026624
0.1521478 0.08026624
0.1521478 0.08026624
0.1521478 0.08026624
-0.198036 0.1796704
0.1521478 0.08026624
-0.198036 0.1796704
0.1521478 0.08026624
-0.198036 0.1796704
0.1521478 0.08026624
-0.198036 0.1796704
0.1521478 0.08026624
-0.198036 0.1796704
0.1521478 0.08026624
-0.198036 0.1796704
0.1521478 0.08026624
-0.198036 0.1796704
0.1521478 0.08026624
-0.198036 0.1796704
0.1521478 0.08026624
-0.198036 0.1796704
0.1521478 0.08026624
-0.198036 0.1796704
0.1521478 0.08026624
-0.198036 0.1796704
0.09256979 -0.02746492
-0.0855708 -0.05292651
0.09256979 -0.02746492
-0.0855708 -0.05292651
0.09256979 -0.02746492
-0.0855708 -0.05292651
0.09256979 -0.02746492
-0.0855708 -0.05292651
0.09256979 -0.02746492
-0.0855708 -0.05292651
0.09256979 -0.02746492
-0.0855708 -0.05292651
0.09256979 -0.02746492
-0.0855708 -0.05292651
0.09256979 -0.02746492
-0.0855708 -0.05292651
0.09256979 -0.02746492
-0.0855708 -0.05292651
0.09256979 -0.02746492
-0.0855708 -0.05292651
0.09256979 -0.02746492
-0.0855708 -0.05292651
0.09256979 -0.02746492
-0.0855708 -0.05292651
0.09256979 -0.02746492
-0.0855708 -0.05292651
0.09256979 -0.02746492
-0.0855708 -0.05292651
0.09256979 -0.02746492
-0.0855708 -0.05292651
0.09256979 -0.02746492
-0.0855708 -0.05292651
0.09256979 -0.02746492
-0.0855708 -0.05292651
0.09256979 -0.02746492
-0.0855708 -0.05292651
0.09256979 -0.02746492
-0.0855708 -0.05292651
0.09256979 -0.02746492
-0.0855708 -0.05292651
0.09256979 -0.02746492
-0.0855708 -0.05292651
0.09256979 -0.02746492
-0.0855708 -0.05292651
0.09256979 -0.02746492
-0.0855708 -0.05292651
0.09256979 -0.02746492
-0.0855708 -0.05292651
0.09256979 -0.02746492
-0.0855708 -0.05292651
0.09256979 -0.02746492
0.09256979 -0.02746492
0.1125496 -0.1658506
0.1125496 -0.1658506
0.1125496 -0.1658506
0.1125496 -0.1658506
0.1125496 -0.1658506
0.1125496 -0.1658506
0.1125496 -0.1658506
0.1125496 -0.1658506
0.1125496 -0.1658506
0.1125496 -0.1658506
0.1125496 -0.1658506
0.1125496 -0.1658506
0.1125496 -0.1658506
0.1125496 -0.1658506
0.1125496 -0.1658506
0.1125496 -0.1658506
-0.1049801 0.0002649814
0.1125496 -0.1658506
-0.1049801 0.0002649814
0.1125496 -0.1658506
-0.1049801 0.0002649814
0.1125496 -0.1658506
-0.1049801 0.0002649814
0.1125496 -0.1658506
-0.1049801 0.0002649814
0.1125496 -0.1658506
-0.1049801 0.0002649814
0.1125496 -0.1658506
0.01886406 0.1669447
0.09935006 0.085143
0.01886406 0.1669447
0.09935006 0.085143
0.01886406 0.1669447
0.09935006 0.085143
0.01886406 0.1669447
0.09935006 0.085143
0.01886406 0.1669447
0.09935006 0.085143
0.01886406 0.1669447
0.09935006 0.085143
0.01886406 0.1669447
0.09935006 0.085143
0.01886406 0.1669447
0.09935006 0.085143
0.01886406 0.1669447
0.09935006 0.085143
0.01886406 0.1669447
0.09935006 0.085143
0.01886406 0.1669447
0.09935006 0.085143
0.01886406 0.1669447
0.09935006 0.085143
0.01886406 0.1669447
0.09935006 0.085143
0.01886406 0.1669447
0.09935006 0.085143
0.01886406 0.1669447
0.09935006 0.085143
0.01886406 0.1669447
0.09935006 0.085143
0.01886406 0.1669447
0.09935006 0.085143
0.01886406 0.1669447
0.09935006 0.085143
0.01886406 0.1669447
0.09935006 0.085143
0.01886406 0.1669447
0.09935006 0.085143
0.01886406 0.1669447
0.09935006 0.085143
0.01886406 0.1669447
0.09935006 0.085143
0.01886406 0.1669447
0.09935006 0.085143
0.01886406 0.1669447
-0.1078773 -0.01593533
0.01886406 0.1669447
-0.1078773 -0.01593533
0.01886406 0.1669447
-0.1078773 -0.01593533
0.01886406 0.1669447
-0.1078773 -0.01593533
0.01886406 0.1669447
-0.1078773 -0.01593533
0.01886406 0.1669447
-0.1078773 -0.01593533
0.01886406 0.1669447
-0.1078773 -0.01593533
0.01886406 0.1669447
-0.1078773 -0.01593533
0.01886406 0.1669447
-0.1078773 -0.01593533
0.01886406 0.1669447
-0.1078773 -0.01593533
0.01886406 0.1669447
-0.1078773 -0.01593533
0.01886406 0.1669447
-0.1078773 -0.01593533
0.01886406 0.1669447
-0.1078773 -0.01593533
0.01886406 0.1669447
-0.1078773 -0.01593533
0.01886406 0.1669447
-0.1078773 -0.01593533
0.01886406 0.1669447
-0.1078773 -0.01593533
0.01886406 0.1669447
-0.1078773 -0.01593533
0.01886406 0.1669447
-0.1078773 -0.01593533
0.01886406 0.1669447
-0.1078773 -0.01593533
0.01886406 0.1669447
-0.1078773 -0.01593533
0.01886406 0.1669447
-0.1078773 -0.01593533
0.01886406 0.1669447
-0.1078773 -0.01593533
0.01886406 0.1669447
-0.1078773 -0.01593533
0.01886406 0.1669447
-0.1078773 -0.01593533
0.01886406 0.1669447
-0.1078773 -0.01593533
0.01886406 0.1669447
-0.1078773 -0.01593533
0.01886406 0.1669447
-0.1078773 -0.01593533
0.01886406 0.1669447
-0.1078773 -0.01593533
0.01886406 0.1669447
-0.1078773 -0.01593533
0.01886406 0.1669447
-0.1078773 -0.01593533
0.01886406 0.1669447
-0.1078773 -0.01593533
0.01886406 0.1669447
-0.1078773 -0.01593533
0.01886406 0.1669447
-0.1078773 -0.01593533
0.01886406 0.1669447
-0.1078773 -0.01593533
0.01886406 0.1669447
-0.1078773 -0.01593533
0.01886406 0.1669447
-0.1078773 -0.01593533
0.01886406 0.1669447
-0.1078773 -0.01593533
-0.1215427 0.1820754
0.0232217 0.1998722
-0.1215427 0.1820754
0.0232217 0.1998722
-0.1215427 0.1820754
0.0232217 0.1998722
-0.1215427 0.1820754
0.0232217 0.1998722
-0.1215427 0.1820754
-0.1215427 0.1820754
-0.1215427 0.1820754
-0.1215427 0.1820754
-0.1215427 0.1820754
-0.1215427 0.1820754
-0.1215427 0.1820754
-0.1215427 0.1820754
-0.1215427 0.1820754
-0.1215427 0.1820754
-0.1215427 0.1820754
-0.1215427 0.1820754
-0.1215427 0.1820754
-0.1215427 0.1820754
-0.1215427 0.1820754
-0.1215427 0.1820754
-0.1215427 0.1820754
-0.1215427 0.1820754
-0.1215427 0.1820754
-0.1215427 0.1820754
-0.1215427 0.1820754
-0.1215427 0.1820754
-0.1215427 0.1820754
-0.1215427 0.1820754
-0.1215427 0.1820754
-0.1215427 0.1820754
-0.1215427 0.1820754
-0.1215427 0.1820754
-0.1215427 0.1820754
-0.1215427 0.1820754
-0.1215427 0.1820754
-0.1215427 0.1820754
-0.1215427 0.1820754
-0.1215427 0.1820754
-0.1215427 0.1820754
-0.1215427 0.1820754
-0.1215427 0.1820754
-0.1215427 0.1820754
-0.1215427 0.1820754
-0.1215427 0.1820754
-0.1215427 0.1820754
-0.1215427 0.1820754
-0.1215427 0.1820754
-0.1215427 0.1820754
-0.1215427 0.1820754
-0.1215427 0.1820754
-0.1215427 0.1820754
-0.1215427 0.1820754
-0.1215427 0.1820754
-0.1215427 0.1820754
-0.1215427 0.1820754
-0.1215427 0.1820754
-0.1215427 0.1820754
-0.1215427 0.1820754
-0.1215427 0.1820754
-0.1215427 0.1820754
-0.04743301 -0.00701968
-0.04743301 -0.00701968
-0.04743301 -0.00701968
-0.04743301 -0.00701968
-0.04743301 -0.00701968
-0.04743301 -0.00701968
-0.04743301 -0.00701968
-0.04743301 -0.00701968
-0.04743301 -0.00701968
-0.04743301 -0.00701968
-0.04743301 -0.00701968
-0.04743301 -0.00701968
-0.04743301 -0.00701968
-0.04743301 -0.00701968
-0.04743301 -0.00701968
-0.04743301 -0.00701968
-0.04743301 -0.00701968
-0.04743301 -0.00701968
-0.04743301 -0.00701968
-0.04743301 -0.00701968
-0.04743301 -0.00701968
-0.04743301 -0.00701968
-0.04743301 -0.00701968
-0.04743301 -0.00701968
-0.04743301 -0.00701968
-0.04743301 -0.00701968
-0.04743301 -0.00701968
-0.04743301 -0.00701968
-0.04743301 -0.00701968
-0.04743301 -0.00701968
-0.04743301 -0.00701968
-0.04743301 -0.00701968
-0.04743301 -0.00701968
-0.04743301 -0.00701968
-0.04743301 -0.00701968
-0.04743301 -0.00701968
-0.04743301 -0.00701968
-0.04743301 -0.00701968
-0.04743301 -0.00701968
-0.04743301 -0.00701968
-0.04743301 -0.00701968
-0.04743301 -0.00701968
-0.04743301 -0.00701968
-0.04743301 -0.00701968
-0.04743301 -0.00701968
-0.04743301 -0.00701968
-0.04743301 -0.00701968
-0.04743301 -0.00701968
-0.04743301 -0.00701968
-0.04743301 -0.00701968
-0.04743301 -0.00701968
-0.04743301 -0.00701968
-0.04743301 -0.00701968
-0.04743301 -0.00701968
-0.04743301 -0.00701968
-0.04743301 -0.00701968
-0.04743301 -0.00701968
-0.04743301 -0.00701968
-0.04743301 -0.00701968
-0.04743301 -0.00701968
0.1382362 -0.180492
0.1382362 -0.180492
0.1382362 -0.180492
0.1382362 -0.180492
0.1382362 -0.180492
0.1382362 -0.180492
0.1382362 -0.180492
0.1382362 -0.180492
0.1382362 -0.180492
0.1382362 -0.180492
0.1382362 -0.180492
0.1382362 -0.180492
0.1382362 -0.180492
0.1382362 -0.180492
0.1382362 -0.180492
0.1382362 -0.180492
0.1382362 -0.180492
0.1382362 -0.180492
0.1382362 -0.180492
0.1382362 -0.180492
0.1382362 -0.180492
0.1382362 -0.180492
0.1382362 -0.180492
0.1382362 -0.180492
0.1382362 -0.180492
0.1382362 -0.180492
0.1382362 -0.180492
0.1382362 -0.180492
0.1382362 -0.180492
0.1382362 -0.180492
0.1382362 -0.180492
0.1382362 -0.180492
0.1382362 -0.180492
0.1382362 -0.180492
0.1382362 -0.180492
0.1382362 -0.180492
0.1382362 -0.180492
0.1382362 -0.180492
0.1382362 -0.180492
0.1382362 -0.180492
0.1382362 -0.180492
0.1382362 -0.180492
0.1382362 -0.180492
0.1382362 -0.180492
0.1382362 -0.180492
0.1382362 -0.180492
0.1382362 -0.180492
0.1382362 -0.180492
0.1382362 -0.180492
0.1382362 -0.180492
0.1382362 -0.180492
0.1382362 -0.180492
0.1382362 -0.180492
0.1382362 -0.180492
0.1382362 -0.180492
0.1382362 -0.180492
0.1382362 -0.180492
0.1382362 -0.180492
0.1382362 -0.180492
0.1382362 -0.180492
0.1264864 0.1036898
0.1264864 0.1036898
0.1264864 0.1036898
0.1264864 0.1036898
0.1264864 0.1036898
0.1264864 0.1036898
0.1264864 0.1036898
0.1264864 0.1036898
0.1264864 0.1036898
0.1264864 0.1036898
0.1264864 0.1036898
0.1264864 0.1036898
0.1264864 0.1036898
0.1264864 0.1036898
0.1264864 0.1036898
-0.1694051 -0.1939896
0.1264864 0.1036898
-0.1694051 -0.1939896
0.1264864 0.1036898
-0.1694051 -0.1939896
0.1264864 0.1036898
-0.1694051 -0.1939896
0.1264864 0.1036898
-0.1694051 -0.1939896
0.1264864 0.1036898
-0.1694051 -0.1939896
0.1264864 0.1036898
-0.1694051 -0.1939896
0.1264864 0.1036898
-0.1694051 -0.1939896
0.1264864 0.1036898
-0.1694051 -0.1939896
0.1264864 0.1036898
-0.1694051 -0.1939896
0.1264864 0.1036898
-0.1694051 -0.1939896
0.1264864 0.1036898
0.1264864 0.1036898
0.1264864 0.1036898
0.1264864 0.1036898
0.1264864 0.1036898
0.1264864 0.1036898
0.1264864 0.1036898
0.1264864 0.1036898
0.1264864 0.1036898
0.1264864 0.1036898
0.1264864 0.1036898
0.1264864 0.1036898
0.1264864 0.1036898
0.1264864 0.1036898
0.1264864 0.1036898
0.1264864 0.1036898
0.1264864 0.1036898
0.1264864 0.1036898
0.1264864 0.1036898
0.1264864 0.1036898
0.1264864 0.1036898
0.1264864 0.1036898
0.1264864 0.1036898
0.1264864 0.1036898
0.1264864 0.1036898
0.1264864 0.1036898
0.1264864 0.1036898
0.1264864 0.1036898
0.1264864 0.1036898
0.1264864 0.1036898
0.1264864 0.1036898
0.1264864 0.1036898
0.1264864 0.1036898
0.1264864 0.1036898
0.1264864 0.1036898
0.04579784 -0.0109122
0.04579784 -0.0109122
0.04579784 -0.0109122
0.04579784 -0.0109122
0.04579784 -0.0109122
0.04579784 -0.0109122
0.04579784 -0.0109122
0.04579784 -0.0109122
0.04579784 -0.0109122
0.04579784 -0.0109122
